{"metadata":{"formatVersion":2,"generatedBy":"LeapJS Playback 0.2.1","frames":137,"protocolVersion":6,"serviceVersion":"3.2.1+45911","frameRate":"1.1e+2","modified":"Sat Feb 03 2018 02:54:00 GMT-0500 (Eastern Standard Time)"},"frames":[["id","timestamp",{"hands":[["id","type","direction","palmNormal","palmPosition","palmVelocity","stabilizedPalmPosition","pinchStrength","grabStrength","confidence","armBasis","armWidth","elbow","wrist"]]},{"pointables":[["id","direction","handId","length","stabilizedTipPosition","tipPosition","tipVelocity","tool","carpPosition","mcpPosition","pipPosition","dipPosition","btipPosition","bases","type"]]},{"interactionBox":["center","size"]}],[99342,85180861139,[[90,"right",[-0.352969,0.725696,-0.590574],[-0.366703,-0.688001,-0.626246],[-10.6919,115.362,72.5584],[5.29229,44.5114,35.2908],[-10.4915,115.141,72.2346],0,0,1,[[0.938788,0.161591,-0.304245],[0.302779,-0.808292,0.504964],[-0.164321,-0.566173,-0.807742]],62.8717,[-24.6016,-92.198,-116.023],[19.2223,58.7983,99.3984]]],[[900,[-0.759924,0.535398,-0.368599],90,50.813,[-87.4402,121.738,88.7869],[-94.9512,114.519,89.5051],[52.7428,20.8955,-21.6468],false,[-10.7766,69.7054,112.547],[-10.7766,69.7054,112.547],[-53.3542,94.482,114.652],[-78.6163,112.28,102.398],[-92.8188,123.831,88.777],[[[0.605489,0.758776,0.240088],[-0.391004,0.0208647,0.920152],[0.69318,-0.651017,0.309318]],[[0.500577,0.843771,0.19358],[-0.0612513,-0.188531,0.980155],[0.863523,-0.5025,-0.0426923]],[[0.500577,0.843771,0.19358],[-0.414655,0.0374063,0.909209],[0.759924,-0.535398,0.368599]],[[0.500577,0.843771,0.19358],[-0.601678,0.17833,0.778577],[0.62242,-0.50621,0.596946]]],0],[901,[-0.198908,0.794843,-0.573289],90,57.3368,[-53.8293,198.905,29.6308],[-59.2071,200.272,35.365],[46.6905,41.7853,31.9319],false,[-0.578575,90.7121,114.333],[-39.9129,134.641,71.8963],[-46.5235,170.584,51.4267],[-51.211,189.315,37.9166],[-54.8596,201.949,27.69],[[[0.789296,0.126262,-0.600891],[0.289591,0.786399,0.545631],[0.541433,-0.604677,0.584137]],[[0.914681,-0.0594483,-0.399781],[0.372092,0.510074,0.775482],[0.157817,-0.858073,0.488676]],[[0.914681,-0.0594483,-0.399781],[0.351844,0.603896,0.715203],[0.198908,-0.794843,0.573289]],[[0.914681,-0.0594483,-0.399781],[0.339684,0.649088,0.680661],[0.219029,-0.758387,0.613902]]],1],[902,[-0.145857,0.783792,-0.603652],90,65.3307,[-31.6208,207.467,10.2926],[-32.7664,208.53,12.9733],[-35.1933,22.8501,22.1894],false,[9.09278,93.9049,107.68],[-20.4434,136.286,62.0956],[-25.5868,175.044,36.0214],[-29.6308,196.775,19.285],[-32.6438,210.716,7.78399],[[[0.794178,-0.0925171,-0.600601],[0.430678,0.782958,0.448881],[0.428716,-0.615157,0.661653]],[[0.858787,-0.202605,-0.47057],[0.500506,0.527983,0.686096],[0.109446,-0.824733,0.55483]],[[0.858787,-0.202605,-0.47057],[0.491132,0.587044,0.643559],[0.145857,-0.783792,0.603652]],[[0.858787,-0.202605,-0.47057],[0.485223,0.616455,0.620114],[0.164447,-0.760877,0.627713]]],2],[903,[-0.10837,0.793003,-0.599501],90,62.8172,[-7.3287,199.857,5.48617],[-3.30011,199.419,5.16058],[-84.1921,35.9573,33.9961],false,[18.7215,93.9812,100.291],[0.387669,131.759,54.8716],[-2.67435,167.853,30.6749],[-5.60134,189.271,14.4829],[-8.1668,203.104,2.91021],[[[0.81387,-0.240792,-0.528805],[0.499765,0.754338,0.425687],[0.296396,-0.610732,0.734272]],[[0.824958,-0.264762,-0.499345],[0.560807,0.493323,0.664928],[0.0702906,-0.828573,0.555451]],[[0.824958,-0.264762,-0.499345],[0.554708,0.548677,0.625502],[0.10837,-0.793003,0.599501]],[[0.824958,-0.264762,-0.499345],[0.547368,0.594399,0.589134],[0.14083,-0.759336,0.635276]]],3],[904,[0.0156133,0.802095,-0.596993],90,49.2476,[20.7532,177.169,8.87118],[26.7853,173.636,6.39785],[-75.5113,60.4011,40.1943],false,[26.9366,87.2769,91.0581],[18.094,123.063,47.2427],[20.3869,151.777,28.3019],[20.6846,167.073,16.9175],[20.5771,180.305,6.55715],[[[0.748866,-0.431165,-0.503285],[0.644477,0.650763,0.401444],[0.154431,-0.624983,0.765211]],[[0.742962,-0.408883,-0.529927],[0.666021,0.372943,0.64601],[-0.0665094,-0.832903,0.549407]],[[0.742962,-0.408883,-0.529927],[0.669152,0.435269,0.60231],[-0.0156133,-0.802095,0.596993]],[[0.742962,-0.408883,-0.529927],[0.669303,0.461409,0.582353],[0.006399,-0.787348,0.616476]]],4]],[[0,200,0],[235.247,235.247,147.751]]],[99343,85180869525,[[90,"right",[-0.35126,0.730244,-0.585969],[-0.374318,-0.683186,-0.627012],[-10.4851,115.861,72.8138],[24.6611,59.4789,30.4617],[-10.4881,115.528,72.5461],0,0,1,[[0.940184,0.163199,-0.299033],[0.300104,-0.812182,0.500298],[-0.161221,-0.560113,-0.812577]],62.8605,[-23.6206,-90.2845,-117.429],[19.3641,59.0525,99.2197]]],[[900,[-0.754898,0.539196,-0.37336],90,50.7919,[-87.8493,121.779,89.5865],[-94.4923,115.692,90.2471],[46.2108,87.8092,29.4851],false,[-10.6621,70.0639,112.615],[-10.6621,70.0639,112.615],[-53.1074,95.0197,114.933],[-78.192,112.937,102.526],[-92.4423,124.591,89.06],[[[0.611594,0.753918,0.239917],[-0.386188,0.0198127,0.922207],[0.690516,-0.656669,0.303271]],[[0.505095,0.841105,0.193446],[-0.0583811,-0.190328,0.979983],[0.861087,-0.506279,-0.0470289]],[[0.505095,0.841105,0.193446],[-0.41834,0.0425508,0.907293],[0.754898,-0.539196,0.37336]],[[0.505095,0.841105,0.193446],[-0.595432,0.177348,0.783587],[0.624772,-0.51097,0.590398]]],0],[901,[-0.152229,0.858224,-0.490181],90,57.313,[-52.8571,200.4,31.4335],[-57.2481,201.409,35.6584],[273.298,368.811,415.482],false,[-0.320242,90.9888,114.432],[-39.5754,135.325,72.3751],[-45.9493,171.259,51.8509],[-49.5353,191.475,40.3041],[-52.3837,205.32,31.5018],[[[0.787037,0.123502,-0.604417],[0.297435,0.782391,0.547171],[0.540468,-0.610419,0.579037]],[[0.913656,-0.0669376,-0.400939],[0.376907,0.508892,0.773932],[0.152229,-0.858224,0.490181]],[[0.913656,-0.0669376,-0.400939],[0.376907,0.508892,0.773932],[0.152229,-0.858224,0.490181]],[[0.913656,-0.0669376,-0.400939],[0.368742,0.551565,0.748201],[0.171061,-0.831442,0.528623]]],1],[902,[-0.142645,0.789026,-0.597571],90,65.3036,[-31.5972,207.967,10.768],[-32.2505,209.386,13.6696],[43.9148,91.537,75.6299],false,[9.33434,94.1442,107.744],[-20.1513,136.882,62.4845],[-25.3764,175.571,36.3601],[-29.3296,197.438,19.7992],[-32.2555,211.515,8.45407],[[[0.790506,-0.0953033,-0.604994],[0.438005,0.778416,0.44969],[0.42808,-0.620473,0.657085]],[[0.854922,-0.206014,-0.476095],[0.506692,0.528403,0.681215],[0.11123,-0.823619,0.556129]],[[0.854922,-0.206014,-0.476095],[0.49876,0.578789,0.645169],[0.142645,-0.789026,0.597571]],[[0.854922,-0.206014,-0.476095],[0.493544,0.605653,0.624179],[0.159759,-0.768598,0.619463]]],2],[903,[-0.108033,0.799041,-0.591491],90,62.7911,[-7.51109,200.394,5.98564],[-3.024,200.144,5.71746],[-1.79739,84.6104,75.6978],false,[18.9223,94.1874,100.308],[0.607212,132.249,55.1391],[-2.70224,168.317,30.9675],[-5.61893,189.889,14.9984],[-8.18112,203.841,3.58064],[[[0.809602,-0.24398,-0.533871],[0.506787,0.749442,0.426034],[0.296162,-0.615476,0.730395]],[[0.819442,-0.265304,-0.508064],[0.568101,0.493492,0.658579],[0.0760022,-0.828299,0.555107]],[[0.819442,-0.265304,-0.508064],[0.562889,0.53958,0.626106],[0.108033,-0.799041,0.591491]],[[0.819442,-0.265304,-0.508064],[0.555622,0.585306,0.590509],[0.140709,-0.766179,0.627033]]],3],[904,[0.0169906,0.809171,-0.587328],90,49.2271,[20.6196,177.755,9.33645],[26.8592,174.251,6.76312],[-3.42497,83.2137,66.5475],false,[27.0441,87.4681,91.0105],[18.2129,123.472,47.3889],[20.2675,152.221,28.4999],[20.5913,167.646,17.3044],[20.5677,181.04,7.16633],[[[0.743499,-0.434028,-0.508753],[0.650701,0.645031,0.400655],[0.154266,-0.628932,0.762002]],[[0.736428,-0.407454,-0.540051],[0.673884,0.371461,0.638668],[-0.0596194,-0.834265,0.548131]],[[0.736428,-0.407454,-0.540051],[0.676303,0.423349,0.602819],[-0.0169906,-0.809171,0.587328]],[[0.736428,-0.407454,-0.540051],[0.676515,0.445197,0.586624],[0.0014074,-0.797359,0.603504]]],4]],[[0,200,0],[235.247,235.247,147.751]]],[99344,85180878433,[[90,"right",[-0.344943,0.738045,-0.579918],[-0.380703,-0.674747,-0.632283],[-9.73496,116.768,72.7459],[84.2137,101.758,-7.62978],[-10.0365,116.272,72.6659],0,0,1,[[0.942577,0.160844,-0.292709],[0.293016,-0.81883,0.493618],[-0.160283,-0.551041,-0.81894]],62.8515,[-23.0159,-87.3679,-119.652],[19.7089,59.5166,98.6431]]],[[900,[-0.748552,0.547309,-0.374329],90,50.775,[-88.0128,122.225,90.297],[-93.647,117.31,90.2472],[86.4278,152.387,-22.4771],false,[-10.3058,70.6665,112.169],[-10.3058,70.6665,112.169],[-52.5463,95.9363,114.583],[-77.4117,114.117,102.149],[-91.6755,126.002,88.9127],[[[0.618439,0.746451,0.245649],[-0.385599,0.0158765,0.92253],[0.684724,-0.66525,0.297649]],[[0.511442,0.835866,0.199387],[-0.0612909,-0.195956,0.978695],[0.857129,-0.512766,-0.048989]],[[0.511442,0.835866,0.199387],[-0.422016,0.042196,0.905606],[0.748552,-0.547309,0.374329]],[[0.511442,0.835866,0.199387],[-0.589145,0.17216,0.789474],[0.625568,-0.521238,0.580496]]],0],[901,[-0.143641,0.860628,-0.488556],90,57.294,[-51.407,202.033,32.688],[-55.5881,203.04,36.2327],[183.389,154.243,33.306],false,[0.223606,91.4756,114.15],[-38.6429,136.49,72.4779],[-44.6552,172.513,52.0286],[-48.0377,192.779,40.5239],[-50.7094,206.715,31.8215],[[[0.787855,0.121282,-0.603801],[0.30468,0.775276,0.553279],[0.535215,-0.61987,0.573852]],[[0.913813,-0.0741583,-0.399306],[0.379885,0.503806,0.775801],[0.143641,-0.860628,0.488556]],[[0.913813,-0.0741583,-0.399306],[0.379885,0.503806,0.775801],[0.143641,-0.860628,0.488556]],[[0.913813,-0.0741583,-0.399306],[0.373074,0.541828,0.753153],[0.160503,-0.837212,0.522796]]],1],[902,[-0.134782,0.797182,-0.588503],90,65.2819,[-30.6623,209.15,11.3699],[-30.6794,210.942,14.3336],[158.748,168.185,70.1028],false,[9.90057,94.5972,107.485],[-19.2143,137.951,62.5927],[-24.3031,176.718,36.5836],[-28.0372,198.803,20.2794],[-30.805,213.053,9.12163],[[[0.789359,-0.0975345,-0.606135],[0.445167,0.770821,0.455698],[0.422775,-0.629541,0.651874]],[[0.852596,-0.209324,-0.478815],[0.511212,0.524103,0.681159],[0.108365,-0.82553,0.553857]],[[0.852596,-0.209324,-0.478815],[0.504891,0.56629,0.65146],[0.134782,-0.797182,0.588503]],[[0.852596,-0.209324,-0.478815],[0.500226,0.591991,0.631919],[0.151178,-0.778287,0.609438]]],2],[903,[-0.104326,0.806112,-0.582494],90,62.7703,[-6.83543,201.523,6.59394],[-1.69524,201.529,6.33911],[115.385,150.938,70.903],false,[19.4826,94.6143,100.046],[1.49388,133.193,55.2016],[-1.82695,169.369,31.2208],[-4.6426,191.126,15.4999],[-7.13789,205.218,4.25111],[[[0.807151,-0.246942,-0.536216],[0.513676,0.741422,0.431776],[0.290939,-0.62395,0.725287]],[[0.815623,-0.265798,-0.513917],[0.573532,0.488539,0.657564],[0.0762889,-0.831072,0.550908]],[[0.815623,-0.265798,-0.513917],[0.5691,0.528711,0.629754],[0.104326,-0.806112,0.582494]],[[0.815623,-0.265798,-0.513917],[0.56211,0.574468,0.594994],[0.13708,-0.774169,0.617958]]],3],[904,[0.0225796,0.81724,-0.575854],90,49.2107,[21.3244,178.847,9.8937],[27.9515,175.437,7.21475],[109.667,138.917,64.4318],false,[27.5375,87.8989,90.6933],[19.0128,124.323,47.3742],[21.0344,153.183,28.6733],[21.4646,168.756,17.7002],[21.5755,182.316,7.79353],[[[0.739355,-0.436585,-0.512589],[0.656636,0.635931,0.405489],[0.148941,-0.636385,0.756856]],[[0.731518,-0.406121,-0.547675],[0.679292,0.364969,0.636679],[-0.0586842,-0.837773,0.542856]],[[0.731518,-0.406121,-0.547675],[0.681448,0.408882,0.606996],[-0.0225796,-0.81724,0.575854]],[[0.731518,-0.406121,-0.547675],[0.68179,0.427921,0.593334],[-0.00660405,-0.807434,0.589921]]],4]],[[0,200,0],[235.247,235.247,147.751]]],[99345,85180886869,[[90,"right",[-0.337992,0.744435,-0.575827],[-0.385698,-0.667659,-0.636764],[-8.46743,117.739,72.4025],[150.252,115.098,-40.7049],[-9.08524,117.161,72.5062],0,0,1,[[0.944977,0.157046,-0.286974],[0.28548,-0.824255,0.488984],[-0.159747,-0.544004,-0.823736]],62.8444,[-22.0516,-84.8741,-121.573],[20.5223,60.108,97.9603]]],[[900,[-0.74108,0.555824,-0.376644],90,50.7615,[-87.6943,123.066,90.6344],[-92.3088,118.981,89.8384],[162.351,185.468,-72.7616],false,[-9.47515,71.4156,111.539],[-9.47515,71.4156,111.539],[-51.482,97.0559,113.937],[-76.0927,115.514,101.429],[-90.2908,127.616,88.3304],[[[0.624478,0.739669,0.25083],[-0.386508,0.0135923,0.922186],[0.678703,-0.672833,0.294376]],[[0.518431,0.830171,0.20505],[-0.0662884,-0.200053,0.97754],[0.852546,-0.520379,-0.048683]],[[0.518431,0.830171,0.20505],[-0.42665,0.0433054,0.903379],[0.74108,-0.555824,0.376644]],[[0.518431,0.830171,0.20505],[-0.585903,0.17019,0.792309],[0.622855,-0.530896,0.574631]]],0],[901,[-0.13579,0.862193,-0.488041],90,57.2787,[-49.5581,203.574,33.2163],[-53.4138,204.622,36.2972],[246.238,159.856,-19.7424],false,[1.22793,92.1166,113.658],[-37.2011,137.703,72.222],[-42.8833,173.782,51.7996],[-46.08,194.08,40.3101],[-48.5964,208.078,31.6691],[[[0.789549,0.118215,-0.602194],[0.310623,0.769306,0.558285],[0.529269,-0.627849,0.570684]],[[0.914161,-0.0808613,-0.397203],[0.38193,0.500085,0.777204],[0.13579,-0.862193,0.488041]],[[0.914161,-0.0808613,-0.397203],[0.38193,0.500085,0.777204],[0.13579,-0.862193,0.488041]],[[0.914161,-0.0808613,-0.397203],[0.37609,0.53474,0.756709],[0.151212,-0.841139,0.51925]]],1],[902,[-0.125807,0.804864,-0.579971],90,65.2645,[-28.9879,210.563,11.7369],[-28.5408,212.43,14.5181],[240.063,177.935,27.7535],false,[10.9366,95.1954,107.023],[-17.753,139.059,62.3689],[-22.6559,177.897,36.453],[-26.1404,200.189,20.3895],[-28.7414,214.588,9.39282],[[[0.789197,-0.100588,-0.605847],[0.451178,0.764245,0.460833],[0.416661,-0.637033,0.648523]],[[0.850998,-0.212914,-0.480073],[0.51468,0.519903,0.681766],[0.104434,-0.827266,0.552019]],[[0.850998,-0.212914,-0.480073],[0.509877,0.553951,0.658151],[0.125807,-0.804864,0.579971]],[[0.850998,-0.212914,-0.480073],[0.505577,0.579497,0.639199],[0.142107,-0.78667,0.600796]]],2],[903,[-0.0995227,0.81144,-0.5759],90,62.7536,[-5.3893,202.796,6.93669],[0.256109,202.837,6.5297],[206.251,156.076,27.5406],false,[20.5248,95.176,99.5972],[2.91862,134.17,54.9733],[-0.292186,170.458,31.1677],[-2.97749,192.352,15.6289],[-5.3756,206.561,4.51432],[[[0.805638,-0.25056,-0.536813],[0.519462,0.734409,0.436809],[0.284793,-0.630764,0.721824]],[[0.812989,-0.267394,-0.517252],[0.577586,0.482891,0.658187],[0.073781,-0.833856,0.547028]],[[0.812989,-0.267394,-0.517252],[0.573711,0.519678,0.63308],[0.0995227,-0.81144,0.5759]],[[0.812989,-0.267394,-0.517252],[0.567172,0.564692,0.599532],[0.131777,-0.780784,0.610747]]],3],[904,[0.0291381,0.822968,-0.56734],90,49.1976,[22.7589,179.993,10.1765],[29.6817,176.544,7.31824],[196.788,137.037,22.9325],false,[28.5312,88.4502,90.2144],[20.3672,125.2,47.1131],[22.474,154.152,28.5803],[23.0291,169.83,17.7723],[23.2642,183.496,8.02323],[[[0.736206,-0.439759,-0.514406],[0.661551,0.627866,0.410042],[0.142659,-0.642181,0.753161]],[[0.727969,-0.406424,-0.55216],[0.682876,0.357957,0.636826],[-0.0611721,-0.840646,0.538119]],[[0.727969,-0.406424,-0.55216],[0.684991,0.396917,0.610937],[-0.0291381,-0.822968,0.56734]],[[0.727969,-0.406424,-0.55216],[0.685467,0.414993,0.59826],[-0.0140049,-0.814002,0.580693]]],4]],[[0,200,0],[235.247,235.247,147.751]]],[99346,85180895836,[[90,"right",[-0.325722,0.756985,-0.566461],[-0.393961,-0.653311,-0.646514],[-6.53733,118.952,71.5787],[215.245,135.283,-91.8706],[-7.45974,118.303,71.9145],0,0,1,[[0.947678,0.151269,-0.281113],[0.276347,-0.829583,0.485205],[-0.15981,-0.537503,-0.82798]],62.8387,[-20.9599,-82.661,-124.141],[21.6245,60.5673,96.4911]]],[[900,[-0.731271,0.57764,-0.362733],90,50.7507,[-86.5821,124.797,90.7205],[-90.1296,121.488,88.9468],[245.303,300.725,-54.2855],false,[-8.31351,72.1337,110.079],[-8.31351,72.1337,110.079],[-49.7654,98.6219,112.753],[-74.0452,117.801,100.71],[-88.0457,130.435,87.9132],[[[0.634661,0.726989,0.262091],[-0.388399,0.00686922,0.921466],[0.668095,-0.686615,0.286721]],[[0.53534,0.815599,0.219566],[-0.0737866,-0.213801,0.974087],[0.841407,-0.537669,-0.054276]],[[0.53534,0.815599,0.219566],[-0.422675,0.033623,0.905657],[0.731271,-0.57764,0.362733]],[[0.53534,0.815599,0.219566],[-0.579676,0.165705,0.79782],[0.614318,-0.554383,0.561492]]],0],[901,[-0.124712,0.867769,-0.481065],90,57.2665,[-46.765,205.57,33.3929],[-49.9342,206.959,36.4406],[340.491,222.852,-16.6998],false,[2.68613,92.6407,112.501],[-34.9708,139.333,71.6063],[-40.1884,175.638,51.4802],[-43.1237,196.063,40.1574],[-45.5143,210.081,31.5202],[[[0.792586,0.114698,-0.598876],[0.320564,0.757093,0.569252],[0.518697,-0.643159,0.563293]],[[0.913671,-0.0885994,-0.396681],[0.38685,0.489006,0.781806],[0.124712,-0.867769,0.481065]],[[0.913671,-0.0885994,-0.396681],[0.38685,0.489006,0.781806],[0.124712,-0.867769,0.481065]],[[0.913671,-0.0885994,-0.396681],[0.380212,0.531306,0.757068],[0.143683,-0.842534,0.519126]]],1],[902,[-0.111899,0.814575,-0.569163],90,65.2506,[-25.9151,212.671,12.1089],[-25.0855,214.689,14.9157],[383.771,248.369,37.2109],false,[12.4524,95.6652,105.93],[-15.4851,140.536,61.815],[-19.7912,179.721,36.3374],[-22.8898,202.277,20.5766],[-25.2432,216.857,9.77026],[[[0.789038,-0.104007,-0.605477],[0.461255,0.751281,0.472039],[0.405788,-0.651736,0.640763]],[[0.849035,-0.219243,-0.480699],[0.52031,0.504955,0.688693],[0.0917398,-0.834837,0.542799]],[[0.849035,-0.219243,-0.480699],[0.51635,0.537029,0.66707],[0.111899,-0.814575,0.569163]],[[0.849035,-0.219243,-0.480699],[0.512444,0.563196,0.648237],[0.128606,-0.796707,0.590524]]],2],[903,[-0.0855919,0.818714,-0.567787],90,62.7402,[-2.31407,204.638,7.18258],[3.51091,204.797,6.88233],[384.18,212.455,20.8181],false,[22.0547,95.605,98.5256],[5.12668,135.445,54.3991],[2.54625,172.023,30.9812],[0.237317,194.109,15.6645],[-1.86192,208.511,4.74609],[[[0.803121,-0.255119,-0.538434],[0.52915,0.720771,0.44776],[0.273856,-0.644518,0.713863]],[[0.810818,-0.27394,-0.517233],[0.582285,0.467085,0.665414],[0.0593081,-0.840707,0.538232]],[[0.810818,-0.27394,-0.517233],[0.579006,0.504643,0.640381],[0.0855919,-0.818714,0.567787]],[[0.810818,-0.27394,-0.517233],[0.573813,0.546249,0.610205],[0.115378,-0.791561,0.6001]]],3],[904,[0.0365141,0.827164,-0.560773],90,49.1872,[25.3254,181.452,10.1957],[32.4821,178.137,7.4314],[305.571,162.224,-7.26709],false,[29.982,88.8902,89.0713],[22.4576,126.328,46.4569],[24.9899,155.481,28.3107],[25.6853,171.235,17.6301],[26.0293,184.966,7.98108],[[[0.730874,-0.443562,-0.518725],[0.669725,0.612525,0.41986],[0.131498,-0.654268,0.744743]],[[0.72311,-0.409189,-0.556486],[0.686807,0.340157,0.642331],[-0.0735417,-0.846675,0.527005]],[[0.72311,-0.409189,-0.556486],[0.689767,0.385181,0.613072],[-0.0365141,-0.827164,0.560773]],[[0.72311,-0.409189,-0.556486],[0.690429,0.404278,0.599889],[-0.0204929,-0.818,0.574853]]],4]],[[0,200,0],[235.247,235.247,147.751]]],[99347,85180904193,[[90,"right",[-0.313061,0.774421,-0.549786],[-0.392913,-0.63263,-0.667382],[-4.04458,120.117,70.5681],[298.283,139.398,-120.924],[-5.34524,119.426,71.0809],0,0,1,[[0.948542,0.148425,-0.27971],[0.272059,-0.833988,0.480051],[-0.162023,-0.531446,-0.831453]],62.8341,[-19.9577,-80.8085,-127.065],[23.2114,60.7892,94.4656]]],[[900,[-0.717118,0.59645,-0.36054],90,50.7421,[-84.952,126.446,90.0529],[-87.5789,123.196,87.2043],[318.697,208.105,-232.844],false,[-6.63784,72.3352,107.807],[-6.63784,72.3352,107.807],[-47.7552,99.327,110.503],[-71.561,119.127,98.534],[-85.3288,132.298,86.036],[[[0.638275,0.714105,0.287506],[-0.397969,-0.0136046,0.917298],[0.658958,-0.699907,0.275508]],[[0.542994,0.802441,0.247479],[-0.0916922,-0.236291,0.967347],[0.834716,-0.547955,-0.0547266]],[[0.542994,0.802441,0.247479],[-0.436921,0.0182997,0.899314],[0.717118,-0.59645,0.36054]],[[0.542994,0.802441,0.247479],[-0.583171,0.148294,0.798699],[0.604209,-0.578011,0.548484]]],0],[901,[-0.117019,0.877431,-0.465211],90,57.2568,[-43.6711,207.645,33.6744],[-46.0562,209.377,37.1216],[385.636,249.164,41.0572],false,[4.51609,92.6676,110.877],[-32.2923,140.746,70.837],[-37.1872,177.449,51.3774],[-39.941,198.098,40.4296],[-42.2796,212.177,31.8845],[[[0.799808,0.123041,-0.587511],[0.32125,0.739055,0.592112],[0.507056,-0.662313,0.551575]],[[0.916445,-0.08509,-0.39101],[0.382669,0.472096,0.79416],[0.117019,-0.877431,0.465211]],[[0.916445,-0.08509,-0.39101],[0.382669,0.472096,0.79416],[0.117019,-0.877431,0.465211]],[[0.916445,-0.08509,-0.39101],[0.374654,0.525731,0.763702],[0.140583,-0.846384,0.513683]]],1],[902,[-0.101046,0.828283,-0.551123],90,65.2395,[-22.4607,215.092,12.9111],[-21.1471,217.419,16.145],[438.538,309.41,117.992],false,[14.3757,95.7729,104.489],[-12.6974,142.026,61.2819],[-16.56,181.754,36.6017],[-19.3577,204.686,21.3431],[-21.5387,219.495,10.8219],[[[0.794397,-0.0953773,-0.599864],[0.462896,0.734496,0.496228],[0.393269,-0.671877,0.627631]],[[0.851941,-0.214047,-0.477892],[0.517129,0.48737,0.703596],[0.0823073,-0.846554,0.5259]],[[0.851941,-0.214047,-0.477892],[0.513796,0.517813,0.68402],[0.101046,-0.828283,0.551123]],[[0.851941,-0.214047,-0.477892],[0.509889,0.546866,0.664041],[0.119207,-0.809396,0.575038]]],2],[903,[-0.076625,0.830511,-0.551707],90,62.7295,[1.09272,206.923,7.94976],[7.24022,207.529,8.24319],[428.094,295.153,112.653],false,[24.0529,95.8183,97.1851],[7.94287,136.943,53.9481],[5.75814,174.005,31.2755],[3.69145,196.405,16.3951],[1.75254,211.028,5.75052],[[[0.806441,-0.248306,-0.536654],[0.53077,0.704013,0.471857],[0.260646,-0.665365,0.699538]],[[0.813723,-0.267671,-0.515953],[0.57908,0.450019,0.679816],[0.050222,-0.851959,0.521194]],[[0.813723,-0.267671,-0.515953],[0.576181,0.488471,0.655295],[0.076625,-0.830511,0.551707]],[[0.813723,-0.267671,-0.515953],[0.571398,0.531141,0.625615],[0.106585,-0.803892,0.585148]]],3],[904,[0.0413284,0.836717,-0.546074],90,49.1788,[28.3425,183.461,10.6171],[35.8295,180.757,8.5054],[378.281,259.112,62.7133],false,[32.0181,89.281,87.6414],[25.2729,127.879,45.9494],[28.0617,157.379,28.4225],[28.8487,173.313,18.0236],[29.19,187.157,8.54418],[[[0.732329,-0.436533,-0.522621],[0.670668,0.595254,0.44258],[0.117892,-0.674619,0.728691]],[[0.72525,-0.401051,-0.559617],[0.683704,0.323896,0.653942],[-0.0810064,-0.856884,0.509105]],[[0.72525,-0.401051,-0.559617],[0.687244,0.372912,0.623403],[-0.0413284,-0.836717,0.546074]],[[0.72525,-0.401051,-0.559617],[0.688185,0.398277,0.606445],[-0.0203327,-0.824945,0.564848]]],4]],[[0,200,0],[235.247,235.247,147.751]]],[99348,85180913147,[[90,"right",[-0.306012,0.778631,-0.547805],[-0.392813,-0.627411,-0.672349],[-1.07075,121.227,69.6501],[332.123,124.009,-102.529],[-2.51898,120.617,70.1348],0,0,1,[[0.949722,0.140321,-0.279888],[0.264257,-0.838685,0.47621],[-0.167915,-0.52623,-0.833598]],62.8304,[-19.1117,-78.561,-128.658],[25.6232,61.6338,93.4242]]],[[900,[-0.717432,0.599271,-0.355197],90,50.7352,[-82.8213,128.154,89.0583],[-84.5142,124.872,85.9215],[272.158,152.84,-144.886],false,[-4.11536,73.2934,106.649],[-4.11536,73.2934,106.649],[-45.1294,100.49,108.693],[-68.9424,120.381,96.9036],[-82.9462,133.7,84.8381],[[[0.640593,0.709312,0.294138],[-0.402829,-0.0156889,0.915141],[0.653735,-0.70472,0.275681]],[[0.543406,0.800463,0.252921],[-0.106433,-0.23316,0.966596],[0.832695,-0.552174,-0.0415052]],[[0.543406,0.800463,0.252921],[-0.43589,0.0115629,0.899926],[0.717432,-0.599271,0.355197]],[[0.543406,0.800463,0.252921],[-0.571761,0.132316,0.80968],[0.614653,-0.584596,0.529575]]],0],[901,[-0.122799,0.878351,-0.461974],90,57.249,[-40.7228,209.294,33.2242],[-42.2004,210.817,36.1629],[286.055,135.971,-96.1842],false,[7.13115,93.548,109.872],[-29.2055,142.006,69.8677],[-34.3414,178.742,50.5462],[-37.2309,199.409,39.676],[-39.7627,213.367,30.9911],[[[0.80352,0.121429,-0.582762],[0.322119,0.734568,0.597202],[0.500596,-0.667582,0.551125]],[[0.91509,-0.0799463,-0.395246],[0.384098,0.471283,0.793953],[0.122799,-0.878351,0.461974]],[[0.91509,-0.0799463,-0.395246],[0.384098,0.471283,0.793953],[0.122799,-0.878351,0.461974]],[[0.91509,-0.0799463,-0.395246],[0.373417,0.537984,0.755734],[0.152218,-0.839156,0.522157]]],1],[902,[-0.0985261,0.831125,-0.547287],90,65.2306,[-18.8494,216.92,12.769],[-17.3738,218.832,15.5103],[375.05,158.968,-57.9399],false,[17.0395,96.6292,103.55],[-9.55615,143.223,60.4217],[-13.2824,183.088,35.9542],[-16.0099,206.096,20.8037],[-18.1774,220.923,10.3093],[[[0.796999,-0.096897,-0.596157],[0.464238,0.729687,0.502036],[0.386362,-0.676881,0.626543]],[[0.85219,-0.213525,-0.477681],[0.51717,0.4823,0.707051],[0.0794126,-0.849585,0.52144]],[[0.85219,-0.213525,-0.477681],[0.513872,0.513457,0.687239],[0.0985261,-0.831125,0.547287]],[[0.85219,-0.213525,-0.477681],[0.509641,0.545463,0.665385],[0.118481,-0.81048,0.573659]]],2],[903,[-0.0752231,0.829264,-0.553772],90,62.721,[4.65971,208.386,7.53591],[10.8254,208.861,7.77889],[380.696,123.945,-86.3082],false,[26.7537,96.6562,96.2981],[11.0926,138.063,53.1726],[9.15166,175.212,30.6319],[7.12306,197.575,15.6979],[5.15446,212.12,4.95514],[[[0.807889,-0.250179,-0.533597],[0.532073,0.69895,0.477878],[0.253402,-0.669985,0.697788]],[[0.814748,-0.269071,-0.513602],[0.578096,0.445146,0.683849],[0.0446244,-0.854076,0.518231]],[[0.814748,-0.269071,-0.513602],[0.574915,0.489819,0.655401],[0.0752231,-0.829264,0.553772]],[[0.814748,-0.269071,-0.513602],[0.569624,0.536797,0.622396],[0.108231,-0.799656,0.590623]]],3],[904,[0.0410874,0.834572,-0.549365],90,49.1721,[31.6815,184.699,10.0557],[39.2105,182.041,8.14184],[366.225,110.469,-87.9975],false,[34.7325,90.1208,86.7666],[28.4137,128.944,45.2229],[31.3897,158.466,27.7733],[32.172,174.356,17.3131],[32.456,188.13,7.73312],[[[0.732694,-0.438066,-0.520824],[0.671536,0.589573,0.448824],[0.110449,-0.678603,0.726153]],[[0.72606,-0.402662,-0.557404],[0.682174,0.319871,0.657511],[-0.0864577,-0.85764,0.506931]],[[0.72606,-0.402662,-0.557404],[0.686402,0.37597,0.622494],[-0.0410874,-0.834572,0.549365]],[[0.72606,-0.402662,-0.557404],[0.687423,0.405089,0.602788],[-0.0169213,-0.820833,0.570918]]],4]],[[0,200,0],[235.247,235.247,147.751]]],[99349,85180921489,[[90,"right",[-0.294289,0.782997,-0.548006],[-0.393873,-0.621804,-0.676923],[2.41992,122.102,68.9239],[418.445,104.922,-87.0464],[0.730541,121.594,69.3381],0,0,1,[[0.951574,0.126405,-0.28023],[0.251856,-0.843258,0.474851],[-0.176282,-0.522434,-0.834259]],62.8275,[-18.7588,-76.9985,-129.477],[28.2016,62.1744,92.7635]]],[[900,[-0.71641,0.604009,-0.349184],90,50.7296,[-80.371,129.778,87.9671],[-80.9421,126.733,84.6509],[345.005,176.752,-145.702],false,[-1.36894,74.1091,105.769],[-1.36894,74.1091,105.769],[-42.1615,101.68,106.977],[-65.938,121.726,95.3878],[-80.1059,135.214,83.7124],[[[0.645265,0.702253,0.300789],[-0.409802,-0.0141099,0.912065],[0.644744,-0.711788,0.27868]],[[0.546274,0.796954,0.257777],[-0.124763,-0.226901,0.965893],[0.828263,-0.559804,-0.0245196]],[[0.546274,0.796954,0.257777],[-0.433983,0.00607668,0.9009],[0.71641,-0.604009,0.349184]],[[0.546274,0.796954,0.257777],[-0.561068,0.119653,0.819077],[0.621923,-0.59207,0.512508]]],0],[901,[-0.122434,0.878415,-0.46195],90,57.2427,[-37.361,210.524,32.4104],[-37.4472,212.112,35.1459],[437.733,124.481,-122.489],false,[10.0499,94.2421,109.13],[-25.5095,143.153,68.9868],[-30.6296,179.887,49.6684],[-33.5101,200.554,38.8],[-36.1318,214.373,29.9258],[[[0.809006,0.115069,-0.576427],[0.324792,0.72984,0.601535],[0.489917,-0.673864,0.553071]],[[0.914719,-0.0807289,-0.395945],[0.385096,0.471031,0.793619],[0.122434,-0.878415,0.46195]],[[0.914719,-0.0807289,-0.395945],[0.385096,0.471031,0.793619],[0.122434,-0.878415,0.46195]],[[0.914719,-0.0807289,-0.395945],[0.372075,0.550505,0.747332],[0.157638,-0.83092,0.533594]]],1],[902,[-0.0923563,0.830864,-0.548757],90,65.2235,[-14.7258,218.08,12.1273],[-12.5547,219.943,14.8085],[521.431,115.109,-97.468],false,[20.034,97.2423,102.891],[-5.78048,144.202,59.6916],[-9.12239,184.135,35.2896],[-11.6788,207.134,20.1002],[-13.822,221.86,9.46347],[[[0.800456,-0.103148,-0.59045],[0.467566,0.723815,0.50742],[0.375037,-0.682241,0.62761]],[[0.85285,-0.218439,-0.47427],[0.517276,0.477348,0.710327],[0.071229,-0.85113,0.5201]],[[0.85285,-0.218439,-0.47427],[0.513924,0.511809,0.688428],[0.0923563,-0.830864,0.548757]],[[0.85285,-0.218439,-0.47427],[0.508841,0.551497,0.661008],[0.117168,-0.805069,0.581495]]],2],[903,[-0.0688578,0.825757,-0.559807],90,62.7141,[8.85215,209.143,6.72703],[15.3793,209.756,7.33582],[532.799,70.1711,-111.533],false,[29.8012,97.1931,95.7122],[14.8691,138.86,52.5836],[13.4015,176.01,30.0187],[11.5448,198.276,14.9236],[9.60592,212.671,3.97811],[[[0.809381,-0.25669,-0.528217],[0.535277,0.692478,0.483686],[0.241621,-0.674229,0.697879]],[[0.816056,-0.276158,-0.50773],[0.576988,0.440539,0.687758],[0.0337449,-0.854203,0.518844]],[[0.816056,-0.276158,-0.50773],[0.573857,0.491795,0.654848],[0.0688578,-0.825757,0.559807]],[[0.816056,-0.276158,-0.50773],[0.568057,0.545257,0.616447],[0.106607,-0.791474,0.601833]]],3],[904,[0.0451173,0.828784,-0.557747],90,49.1667,[35.6092,185.171,9.23045],[43.3807,182.812,7.93897],[496.693,38.3033,-107.935],false,[37.7862,90.6052,86.2238],[32.158,129.593,44.7398],[35.4878,159.026,27.2108],[36.3467,174.804,16.5922],[36.59,188.411,6.7791],[[[0.732262,-0.443864,-0.516504],[0.673879,0.581818,0.455384],[0.0983827,-0.681522,0.725155]],[[0.726643,-0.41036,-0.550994],[0.68017,0.316767,0.661081],[-0.0967441,-0.855139,0.509291]],[[0.726643,-0.41036,-0.550994],[0.685532,0.380424,0.620744],[-0.0451173,-0.828784,0.557747]],[[0.726643,-0.41036,-0.550994],[0.686862,0.417006,0.595253],[-0.0144997,-0.810993,0.584876]]],4]],[[0,200,0],[235.247,235.247,147.751]]],[99350,85180930438,[[90,"right",[-0.283101,0.786872,-0.548348],[-0.396872,-0.616603,-0.679921],[6.21503,122.875,67.9311],[424.083,86.3595,-110.941],[4.5713,122.491,68.3528],0,0,1,[[0.952686,0.111208,-0.282881],[0.239486,-0.84774,0.473269],[-0.187178,-0.518623,-0.834263]],62.8251,[-18.7792,-75.5196,-130.395],[31.0808,62.6298,91.8337]]],[[900,[-0.714289,0.608216,-0.346214],90,50.7252,[-77.281,131.458,86.5883],[-77.0432,128.552,83.2899],[368.246,153.645,-164.647],false,[1.72512,74.8737,104.681],[1.72512,74.8737,104.681],[-38.8295,102.81,105.14],[-62.5335,122.994,93.6508],[-76.8431,136.621,82.3177],[[[0.651074,0.694936,0.305232],[-0.414714,-0.0111043,0.909884],[0.635701,-0.718986,0.28097]],[[0.549741,0.793759,0.260252],[-0.140227,-0.219441,0.965496],[0.823481,-0.567267,-0.0093292]],[[0.549741,0.793759,0.260252],[-0.4331,0.00443269,0.901335],[0.714289,-0.608216,0.346214]],[[0.549741,0.793759,0.260252],[-0.550598,0.110022,0.827488],[0.628193,-0.598199,0.497526]]],0],[901,[-0.120689,0.87848,-0.462285],90,57.2377,[-33.3027,211.646,31.2407],[-32.4576,213.284,33.8892],[456.773,107.927,-141.101],false,[13.3384,94.8779,108.132],[-21.4882,144.219,67.8797],[-26.5349,180.953,48.549],[-29.3741,201.619,37.6736],[-32.0585,215.309,28.6223],[[[0.813196,0.107337,-0.572006],[0.329336,0.725476,0.604337],[0.479844,-0.679826,0.554604]],[[0.913766,-0.0836581,-0.397533],[0.387898,0.470399,0.792628],[0.120689,-0.87848,0.462285]],[[0.913766,-0.0836581,-0.397533],[0.387898,0.470399,0.792628],[0.120689,-0.87848,0.462285]],[[0.913766,-0.0836581,-0.397533],[0.372791,0.561525,0.738726],[0.161424,-0.82322,0.54429]]],1],[902,[-0.0856757,0.830246,-0.550773],90,65.2178,[-9.97367,219.018,11.0615],[-7.47895,220.893,13.7817],[524.029,90.2805,-128.234],false,[23.3856,97.7812,101.951],[-1.70188,145.073,58.6901],[-4.63167,185.057,34.3261],[-7.00294,208.036,19.0822],[-9.12841,222.64,8.27719],[[[0.80241,-0.110756,-0.586406],[0.47253,0.718076,0.510962],[0.364492,-0.687095,0.628527]],[[0.852409,-0.225112,-0.471936],[0.519132,0.47216,0.712437],[0.0624507,-0.852285,0.519336]],[[0.852409,-0.225112,-0.471936],[0.515808,0.509917,0.688423],[0.0856757,-0.830246,0.550773]],[[0.852409,-0.225112,-0.471936],[0.509799,0.558401,0.654441],[0.116207,-0.798444,0.590748]]],2],[903,[-0.0613022,0.822682,-0.565187],90,62.7087,[13.6891,209.693,5.55837],[20.2237,210.453,6.4993],[536.59,51.9648,-136.17],false,[33.1885,97.6391,94.8234],[18.9258,139.523,51.6827],[17.9588,176.666,29.0863],[16.306,198.847,13.8474],[14.42,213.104,2.71698],[[[0.809382,-0.264475,-0.52436],[0.540029,0.686059,0.487536],[0.230801,-0.677772,0.698108]],[[0.815977,-0.284802,-0.50306],[0.577657,0.435179,0.690602],[0.022236,-0.854112,0.519614]],[[0.815977,-0.284802,-0.50306],[0.574825,0.492018,0.65383],[0.0613022,-0.822682,0.565187]],[[0.815977,-0.284802,-0.50306],[0.568707,0.551595,0.610177],[0.103706,-0.783984,0.612058]]],3],[904,[0.0517551,0.823432,-0.565049],90,49.1624,[40.1446,185.401,8.06274],[47.8465,183.327,7.27734],[506.155,18.6036,-135.211],false,[41.1525,90.9812,85.3675],[36.1556,130.085,43.9159],[39.8831,159.413,26.298],[40.8684,175.089,15.5413],[41.122,188.542,5.52158],[[[0.730226,-0.450839,-0.513336],[0.677598,0.573979,0.459792],[0.0873522,-0.683588,0.724622]],[[0.725582,-0.419776,-0.54527],[0.679559,0.312383,0.66379],[-0.10831,-0.852177,0.511921]],[[0.725582,-0.419776,-0.54527],[0.686187,0.381769,0.619193],[-0.0517551,-0.823432,0.565049]],[[0.725582,-0.419776,-0.54527],[0.68797,0.425103,0.588205],[-0.0151183,-0.80192,0.59724]]],4]],[[0,200,0],[235.247,235.247,147.751]]],[99351,85180938847,[[90,"right",[-0.273137,0.785549,-0.555256],[-0.397323,-0.617794,-0.678576],[10.3008,123.764,66.8635],[485.879,105.637,-126.964],[8.53706,123.372,67.3219],0,0,1,[[0.953739,0.0932673,-0.285803],[0.224846,-0.852348,0.472173],[-0.199565,-0.514592,-0.833888]],62.8233,[-18.8466,-73.5904,-130.857],[34.3105,63.4785,91.2609]]],[[900,[-0.712976,0.606489,-0.351904],90,50.7217,[-74.0817,132.909,85.0059],[-72.8785,130.402,81.6899],[422.749,151.61,-230.563],false,[5.18269,76.0405,103.888],[5.18269,76.0405,103.888],[-35.2345,104.169,103.309],[-58.8933,124.294,91.6314],[-73.3137,137.888,80.403],[[[0.654614,0.691664,0.305092],[-0.420786,-0.00189952,0.907158],[0.628028,-0.722217,0.289799]],[[0.549627,0.795023,0.25661],[-0.155923,-0.204144,0.966444],[0.82073,-0.571195,0.0117592]],[[0.549627,0.795023,0.25661],[-0.435403,0.0104595,0.900175],[0.712976,-0.606489,0.351904]],[[0.549627,0.795023,0.25661],[-0.545061,0.108485,0.831348],[0.633102,-0.596799,0.492963]]],0],[901,[-0.119354,0.876219,-0.4669],90,57.2337,[-29.2437,212.535,29.6691],[-27.4043,214.197,31.8368],[512.367,99.4452,-220.29],false,[16.9332,95.9716,107.288],[-17.2276,145.326,66.4909],[-22.2181,181.963,46.9685],[-25.0257,202.575,35.9854],[-27.762,216.11,26.7209],[[[0.817791,0.0971242,-0.567261],[0.331165,0.726712,0.601847],[0.470689,-0.680042,0.562134]],[[0.913532,-0.0872663,-0.397297],[0.388864,0.473947,0.790038],[0.119354,-0.876219,0.4669]],[[0.913532,-0.0872663,-0.397297],[0.388864,0.473947,0.790038],[0.119354,-0.876219,0.4669]],[[0.913532,-0.0872663,-0.397297],[0.371998,0.574352,0.729203],[0.164553,-0.813944,0.557152]]],1],[902,[-0.0789286,0.826723,-0.557046],90,65.2132,[-5.26791,219.631,9.47237],[-2.27829,221.498,11.9309],[585.094,65.682,-215.588],false,[27.0434,98.7542,101.156],[2.62424,145.963,57.4283],[0.100563,185.865,32.8918],[-2.08382,208.745,17.4753],[-4.20808,223.145,6.40278],[[[0.805346,-0.120964,-0.580333],[0.474908,0.717563,0.509476],[0.354797,-0.685909,0.635333]],[[0.853059,-0.233119,-0.466847],[0.519034,0.471307,0.713073],[0.0537976,-0.850603,0.523049]],[[0.853059,-0.233119,-0.466847],[0.515811,0.512041,0.686843],[0.0789286,-0.826723,0.557046]],[[0.853059,-0.233119,-0.466847],[0.508724,0.57068,0.644612],[0.116149,-0.787388,0.605416]]],2],[903,[-0.0532054,0.816645,-0.574683],90,62.7043,[18.5574,209.968,3.956],[25.3105,210.812,4.93659],[605.55,26.3066,-211.437],false,[36.8912,98.4877,94.095],[23.2514,140.203,50.5943],[22.7926,177.213,27.7719],[21.3581,199.231,12.278],[19.524,213.277,0.876702],[[[0.810672,-0.274329,-0.517257],[0.542301,0.684856,0.486705],[0.220729,-0.675067,0.703962]],[[0.817142,-0.295185,-0.495121],[0.576339,0.434099,0.692381],[0.0105513,-0.851131,0.524847]],[[0.817142,-0.295185,-0.495121],[0.573975,0.495941,0.651609],[0.0532054,-0.816645,0.574683]],[[0.817142,-0.295185,-0.495121],[0.567543,0.562287,0.601439],[0.100864,-0.772463,0.626999]]],3],[904,[0.0607219,0.815239,-0.575932],90,49.159,[44.875,185.413,6.60988],[52.6334,183.539,6.10567],[588.299,-3.9029,-186.114],false,[44.8631,91.7057,84.7357],[40.4548,130.578,43.0033],[44.6292,159.701,25.1518],[45.785,175.22,14.1888],[46.0781,188.461,3.89308],[[[0.729948,-0.459979,-0.505564],[0.679144,0.571501,0.460597],[0.077066,-0.679563,0.729558]],[[0.726206,-0.431935,-0.534843],[0.676691,0.311837,0.666969],[-0.121303,-0.84628,0.518744]],[[0.726206,-0.431935,-0.534843],[0.68479,0.385769,0.618259],[-0.0607219,-0.815239,0.575932]],[[0.726206,-0.431935,-0.534843],[0.687255,0.436354,0.580754],[-0.017467,-0.789321,0.613732]]],4]],[[0,200,0],[235.247,235.247,147.751]]],[99352,85180947751,[[90,"right",[-0.260037,0.78429,-0.563267],[-0.400382,-0.618402,-0.67622],[14.7892,124.409,65.7894],[504.084,72.5299,-120.627],[13.092,124.128,66.2054],0,0,1,[[0.954993,0.0714616,-0.287892],[0.206283,-0.857431,0.471444],[-0.213157,-0.509613,-0.833582]],62.8218,[-19.0647,-71.6911,-131.276],[37.7106,64.0465,90.7515]]],[[900,[-0.707207,0.610798,-0.356068],90,50.7188,[-70.0659,134.617,83.2161],[-68.351,132.243,80.0404],[478.587,190.57,-190.853],false,[8.85626,77.0524,103.157],[8.85626,77.0524,103.157],[-31.1995,105.659,101.709],[-54.6655,125.927,89.8944],[-69.0423,139.604,78.7149],[[[0.660948,0.686165,0.303851],[-0.426615,0.0104587,0.904373],[0.617371,-0.727371,0.299641]],[[0.556167,0.791559,0.253204],[-0.170362,-0.189613,0.966966],[0.813422,-0.580931,0.0293955]],[[0.556167,0.791559,0.253204],[-0.436505,0.0189659,0.899502],[0.707207,-0.610798,0.356068]],[[0.556167,0.791559,0.253204],[-0.540588,0.113164,0.833642],[0.631223,-0.600523,0.490845]]],0],[901,[-0.112632,0.873442,-0.473722],90,57.2305,[-24.2457,213.318,27.74],[-21.6045,214.956,29.6875],[588.604,77.525,-226.895],false,[20.8245,96.8661,106.476],[-12.4725,146.297,65.0651],[-17.1817,182.816,45.2587],[-19.831,203.362,34.1156],[-22.5072,216.771,24.6556],[[[0.822543,0.0827097,-0.562656],[0.336041,0.727487,0.598196],[0.458802,-0.681118,0.570596]],[[0.91337,-0.0967117,-0.395478],[0.391241,0.477227,0.786883],[0.112632,-0.873442,0.473722]],[[0.91337,-0.0967117,-0.395478],[0.391241,0.477227,0.786883],[0.112632,-0.873442,0.473722]],[[0.91337,-0.0967117,-0.395478],[0.373966,0.583305,0.721045],[0.16095,-0.806475,0.56894]]],1],[902,[-0.0666972,0.824097,-0.562508],90,65.2096,[0.449295,220.063,7.64438],[3.72647,221.823,9.96302],[657.39,40.0935,-207.066],false,[31.0065,99.4774,100.387],[7.44277,146.622,56.1281],[5.52262,186.418,31.3703],[3.67685,209.223,15.8035],[1.67303,223.466,4.50772],[[[0.807547,-0.135311,-0.574072],[0.480255,0.715867,0.506843],[0.342378,-0.685,0.64308]],[[0.852714,-0.245661,-0.46101],[0.520773,0.468931,0.713372],[0.0409345,-0.848383,0.527798]],[[0.852714,-0.245661,-0.46101],[0.518103,0.510407,0.686334],[0.0666972,-0.824097,0.562508]],[[0.852714,-0.245661,-0.46101],[0.510758,0.577199,0.637156],[0.10957,-0.778776,0.617658]]],2],[903,[-0.0406366,0.81096,-0.583688],90,62.7008,[24.3751,209.958,2.16602],[31.1982,210.762,3.25632],[664.608,-10.2423,-201.141],false,[40.8951,99.0356,93.3939],[28.0416,140.56,49.4755],[28.2601,177.419,26.4113],[27.1645,199.282,10.6756],[25.4749,213.143,-0.970557],[[[0.810612,-0.288217,-0.509744],[0.547393,0.682169,0.484774],[0.208011,-0.671994,0.710743]],[[0.816827,-0.309476,-0.486845],[0.576861,0.43083,0.693986],[-0.00502447,-0.847709,0.530438]],[[0.816827,-0.309476,-0.486845],[0.57545,0.496556,0.649838],[0.0406366,-0.81096,0.583688]],[[0.816827,-0.309476,-0.486845],[0.56935,0.568413,0.593925],[0.0929236,-0.762319,0.640495]]],3],[904,[0.0735836,0.80716,-0.585729],90,49.1563,[50.4611,185.058,5.07911],[58.1299,183.208,4.83458],[632.642,-48.5717,-169.142],false,[48.8442,92.0834,84.1415],[45.1753,130.668,42.0744],[49.9222,159.573,24.0159],[51.3228,174.936,12.8669],[51.7396,187.984,2.33201],[[[0.727576,-0.472782,-0.497102],[0.683022,0.566969,0.460464],[0.0641423,-0.674554,0.735434]],[[0.724613,-0.446808,-0.524689],[0.675208,0.30789,0.670297],[-0.137947,-0.83998,0.52479]],[[0.724613,-0.446808,-0.524689],[0.685216,0.385819,0.617757],[-0.0735836,-0.80716,0.585729]],[[0.724613,-0.446808,-0.524689],[0.688707,0.442042,0.574701],[-0.0248464,-0.777793,0.628029]]],4]],[[0,200,0],[235.247,235.247,147.751]]],[99353,85180956163,[[90,"right",[-0.250729,0.778504,-0.575383],[-0.397605,-0.624738,-0.672022],[19.5191,125.169,64.7917],[562.291,90.3692,-118.606],[17.7501,124.883,65.1808],0,0,1,[[0.954339,0.0542071,-0.293767],[0.19741,-0.85251,0.484001],[-0.224203